537
0.886798 0.000101867 0.462157 -0.000240141 1 0.000240372 -0.462157 -0.000324144 0.886798 
0.651693 0.000195401 0.758483 -0.00034244 1 3.66058e-05 -0.758483 -0.000283591 0.651693 
-0.934933 -0.000287344 -0.354825 -0.000220281 1 -0.000229396 0.354825 -0.000136309 -0.934933 
0.704965 0.000311758 0.709242 -0.000423862 1 -1.82597e-05 -0.709242 -0.000287748 0.704965 
0.0075204 -0.00113045 0.999971 -0.000342439 0.999999 0.00113306 -0.999972 -0.00035095 0.00752001 
0.879751 0.000121705 0.475435 -0.000257354 1 0.000220224 -0.475435 -0.000316097 0.879751 
-0.762344 -0.000102524 0.647172 -0.000283719 1 -0.000175792 -0.647172 -0.000317629 -0.762344 
0.588772 0.000906139 0.808298 -0.000858961 1 -0.000495369 -0.808298 -0.000402637 0.588773 
0.526546 0.000940679 0.850146 -0.000889052 0.999999 -0.000555848 -0.850146 -0.000463145 0.526546 
0.460249 -7.72971e-06 0.88779 -1.49162e-05 1 1.64396e-05 -0.88779 -2.08088e-05 0.460249 
0.769393 0.000329161 0.638776 -0.000463564 1 4.30544e-05 -0.638776 -0.000329239 0.769393 
0.842215 0.000203712 0.539142 -0.00031042 1 0.000107075 -0.539142 -0.000257541 0.842215 
0.796955 0.000142247 0.604039 -0.000317777 1 0.000183775 -0.604039 -0.00033841 0.796955 
0.765178 0.000272546 0.643818 -0.000417352 1 7.26963e-05 -0.643818 -0.000324325 0.765178 
-0.86121 -8.61395e-05 0.508249 -0.000414847 1 -0.00053346 -0.508249 -0.000670267 -0.86121 
-0.0932749 -0.00068 0.99564 -0.000234171 1 0.00066104 -0.99564 -0.000171492 -0.093275 
-0.0658094 -0.000146161 0.997832 -0.000309349 1 0.000126077 -0.997832 -0.000300381 -0.0658094 
0.427666 -9.3061e-05 0.903937 0.000460863 1 -0.000115091 -0.903936 0.000465812 0.427666 
0.864747 0.000106852 0.502207 -0.000277871 1 0.000265698 -0.502207 -0.00036931 0.864747 
0.891571 2.83457e-05 0.45288 -0.000139251 1 0.00021155 -0.45288 -0.000251676 0.891571 
0.164937 -0.000103779 0.986304 -0.000318422 1 0.000158469 -0.986304 -0.000340198 0.164937 
-0.990886 -0.000372107 -0.1347 -0.000270995 1 -0.000768987 0.1347 -0.000725476 -0.990886 
-0.992736 -0.000250912 0.120309 -0.000279267 1 -0.000218823 -0.120309 -0.000250832 -0.992736 
0.465988 4.34164e-05 0.884791 -0.000208911 1 6.09565e-05 -0.884791 -0.000213248 0.465988 
0.881743 0.00048397 0.47173 -0.000520683 1 -5.27016e-05 -0.47173 -0.000199153 0.881743 
0.795266 0.000390531 0.60626 -0.000465459 1 -3.35947e-05 -0.60626 -0.000255473 0.795266 
-0.98519 -0.000317297 -0.171468 -0.000196043 1 -0.000724083 0.171468 -0.000679744 -0.985189 
0.949596 2.52484e-05 0.313476 -0.000146586 1 0.000363501 -0.313476 -0.00039113 0.949596 
0.312338 -0.000105822 0.949971 -0.000240524 1 0.000190476 -0.949971 -0.000287984 0.312338 
0.611936 -9.29518e-06 0.790907 1.09482e-05 1 3.28179e-06 -0.790907 6.65075e-06 0.611936 
-0.35814 -7.72197e-05 0.933668 -0.00151519 0.999999 -0.000498497 -0.933667 -0.00159322 -0.358139 
0.887178 0.000294601 0.461427 0.00183087 0.99999 -0.00415864 -0.461423 0.00453427 0.887169 
-0.883642 -0.000150941 0.468163 -0.000321415 1 -0.000284248 -0.468163 -0.000401648 -0.883642 
0.753351 0.000271012 0.657618 -0.000410407 1 5.80397e-05 -0.657618 -0.000313615 0.753351 
-0.996942 -0.000288817 -0.078141 -0.000256211 1 -0.000427307 0.0781411 -0.00040598 -0.996942 
-0.994641 -0.000229829 0.103391 -0.000299602 1 -0.00065932 -0.10339 -0.000686763 -0.994641 
-0.183604 -0.000322726 0.983 -0.000213169 1 0.000288492 -0.983 -0.000156577 -0.183604 
-0.923784 -0.0001722 0.382913 -0.000345915 1 -0.000384816 -0.382913 -0.000487943 -0.923784 
-0.903785 -0.000189611 0.427986 -0.000424115 1 -0.000452581 -0.427986 -0.000590551 -0.903785 
0.780322 0.000171877 0.625378 0.00287014 0.999988 -0.00385608 -0.625371 0.00480391 0.780312 
0.811543 4.85636e-06 0.584293 -0.000139433 1 0.000185351 -0.584293 -0.00023189 0.811543 
-0.920792 -0.000172294 0.390055 -0.000325452 1 -0.000326568 -0.390055 -0.000427646 -0.920791 
0.663972 -5.36544e-05 0.747757 -0.000122721 1 0.000180724 -0.747757 -0.000211761 0.663972 
-0.44572 -6.1192e-05 0.895173 -0.000262783 1 -6.24858e-05 -0.895172 -0.000263087 -0.44572 
0.855316 0.000452676 0.518107 -0.000463494 1 -0.000108552 -0.518107 -0.000147293 0.855316 
-0.941941 -0.000157871 0.335778 -0.000293616 1 -0.000353503 -0.335778 -0.000431569 -0.941941 
0.919454 4.26782e-05 0.393197 -0.000155266 1 0.000254535 -0.393197 -0.000295083 0.919454 
-0.995137 -0.000350129 -0.0984957 5.5433e-05 0.999992 -0.0041148 0.0984963 -0.00410025 -0.995129 
0.743196 0.00036087 0.669074 -0.000459656 1 -2.87804e-05 -0.669074 -0.000286154 0.743196 
0.00434966 -0.000685775 0.99999 -0.00034282 1 0.000687273 -0.99999 -0.000345806 0.00434942 
0.675192 0.000298223 0.737642 -0.000422678 1 -1.73999e-05 -0.737642 -0.000300037 0.675192 
-0.195826 -8.16578e-05 0.980639 -0.000280445 1 2.72672e-05 -0.980639 -0.000269675 -0.195827 
-0.0393694 -0.00110132 0.999224 -0.000312787 0.999999 0.00108985 -0.999225 -0.000269637 -0.0393697 
0.0525499 -0.0011004 0.998618 -0.000378183 0.999999 0.00112182 -0.998618 -0.000436612 0.0525495 
0.91173 0.000195227 0.41079 -0.000256044 1 9.3031e-05 -0.41079 -0.00019 0.91173 
0.259697 0.00142868 0.965689 -0.00109928 0.999999 -0.00118382 -0.965689 -0.000754126 0.259699 
0.701797 0.000358681 0.712377 -0.000463801 1 -4.6586e-05 -0.712377 -0.000297707 0.701797 
0.618194 0.000183052 0.786025 -0.000313826 1 1.39357e-05 -0.786025 -0.000255291 0.618194 
-0.969288 -0.000271878 -0.24593 -0.000240295 1 -0.000158434 0.24593 -9.44721e-05 -0.969288 
0.879695 0.000437347 0.475538 0.00149867 0.999992 -0.00369206 -0.475535 0.00396057 0.879688 
0.895892 0.000223011 0.444271 -0.000301978 1 0.000106982 -0.444271 -0.000230004 0.895892 
0.108337 -0.000883109 0.994114 0.00252086 0.999997 0.000613615 -0.994111 0.00243954 0.108339 
-0.488262 -0.000147027 0.872697 -0.000314331 1 -7.38924e-06 -0.872697 -0.000277923 -0.488262 
-0.740951 -9.61181e-05 0.671559 -0.000261019 1 -0.000144863 -0.671559 -0.000282626 -0.740951 
0.811418 0.000393246 0.584466 -0.000584752 1 0.000138985 -0.584466 -0.000454543 0.811418 
-0.449901 -6.57613e-05 0.893079 -0.000263629 1 -5.91725e-05 -0.893079 -0.000262063 -0.449901 
0.701186 0.000219961 0.712979 -0.000303153 1 -1.03719e-05 -0.712979 -0.000208869 0.701186 
-0.54652 -9.17228e-05 0.837446 -0.000272011 1 -6.79884e-05 -0.837446 -0.000264952 -0.54652 
-0.60071 -9.12981e-05 0.799467 -0.000249482 1 -7.32591e-05 -0.799467 -0.00024346 -0.60071 
-0.866818 -0.000238996 0.498625 -0.000278093 1 -4.13274e-06 -0.498625 -0.000142247 -0.866818 
0.769368 0.000266717 0.638806 -0.00034319 1 -4.19158e-06 -0.638806 -0.000216007 0.769368 
-0.994588 -0.000259249 0.103893 -0.000265802 1 -4.92285e-05 -0.103893 -7.65769e-05 -0.994589 
0.819119 0.000256184 0.573623 -0.0003289 1 2.30545e-05 -0.573623 -0.000207549 0.819119 
0.448769 0.000979004 0.893647 -0.000875469 0.999999 -0.000655875 -0.893648 -0.000488025 0.448769 
-0.495147 -9.82402e-05 0.868809 -0.000287519 1 -5.07865e-05 -0.868809 -0.000274946 -0.495147 
-0.860995 -0.000130479 0.508613 -0.000347395 1 -0.000331542 -0.508613 -0.000462145 -0.860995 
0.742591 0.000336034 0.669746 -0.000432499 1 -2.2193e-05 -0.669746 -0.000273184 0.742591 
-0.571276 -0.000110068 0.820758 -0.000285919 1 -6.49039e-05 -0.820758 -0.000271749 -0.571276 
0.70592 0.000212779 0.708291 -0.000298996 1 -2.41639e-06 -0.708291 -0.000210071 0.70592 
-0.587974 -9.86977e-05 0.80888 -0.000271725 1 -7.54989e-05 -0.808879 -0.000264184 -0.587974 
-0.364323 -7.10109e-05 0.931273 -0.000308428 1 -4.44084e-05 -0.931273 -0.000303409 -0.364323 
-0.235412 -0.000154708 0.971896 -0.000326064 1 8.02026e-05 -0.971896 -0.00029802 -0.235412 
-0.0840331 -0.000818114 0.996463 0.00197065 0.999998 0.000987204 -0.996461 0.00204664 -0.0840313 
-0.225424 -0.000300401 0.974261 -0.000299957 1 0.000238933 -0.974261 -0.000238375 -0.225424 
-0.648754 -0.000134411 0.760999 -0.000295359 1 -7.51705e-05 -0.760999 -0.000273535 -0.648754 
-0.983779 -0.000255546 0.179386 -0.000274404 1 -8.03146e-05 -0.179386 -0.000128236 -0.983779 
0.494558 -0.000124348 0.869144 0.000231029 1 1.16104e-05 -0.869144 0.000195056 0.494558 
0.525817 -0.000164318 0.850598 0.000134172 1 0.000110238 -0.850598 5.61617e-05 0.525817 
-0.94477 -0.000195113 0.327735 -0.00031087 1 -0.000300816 -0.327735 -0.000386085 -0.94477 
0.848315 0.000483227 0.529491 -0.000517342 1 -8.37742e-05 -0.529491 -0.000202861 0.848315 
0.865819 0.000121657 0.500358 -0.000284285 1 0.000248787 -0.500358 -0.000357648 0.865818 
0.560183 -0.000115316 0.828369 -0.00362552 0.99999 0.00259096 -0.828361 -0.00445468 0.560177 
0.864103 0.000152828 0.503314 -0.000263507 1 0.000148754 -0.503314 -0.000261166 0.864103 
0.718645 0.000248572 0.695377 -0.000354123 1 8.50803e-06 -0.695377 -0.000252363 0.718645 
0.0292976 0.00041531 0.999571 -0.000908177 1 -0.00038887 -0.99957 -0.000896394 0.0292979 
-0.999997 -0.000277206 -0.0024782 -0.000277431 1 9.07311e-05 0.00247817 9.14184e-05 -0.999997 
0.84795 0.000194635 0.530075 -0.000330096 1 0.000160863 -0.530075 -0.00031138 0.84795 
0.396777 0.00296313 0.91791 -0.00172913 0.999995 -0.00248068 -0.917913 -0.000602909 0.396781 
-0.19093 -0.000203264 0.981604 -0.000268627 1 0.000154824 -0.981604 -0.000234125 -0.19093 
-0.267051 -0.000203227 0.963682 0.00115874 0.999999 0.000531991 -0.963682 0.00125873 -0.26705 
0.642455 -7.38632e-05 0.766324 -8.23052e-05 1 0.000165388 -0.766324 -0.000169326 0.642455 
-0.901077 -0.000264137 -0.433658 -0.000300665 1 1.56458e-05 0.433658 0.000144484 -0.901078 
0.999987 -0.00405778 0.00309871 0.00405596 0.999992 0.000592715 -0.00310109 -0.000580139 0.999995 
-0.83917 -9.02092e-05 0.54387 0.00109369 0.999998 0.00185338 -0.543869 0.00215013 -0.839168 
0.669166 0.000160908 0.743113 -0.000227078 1 -1.20511e-05 -0.743113 -0.00016068 0.669166 
0.301071 -0.000256807 0.953602 0.00196735 0.999998 -0.00035183 -0.9536 0.001982 0.301071 
0.993107 0.00158639 -0.1172 -0.00151845 0.999999 0.000668967 0.1172 -0.000486395 0.993108 
-0.982587 -0.000256879 0.185804 -0.000265839 1 -2.33069e-05 -0.185804 -7.2295e-05 -0.982587 
0.967573 0.000630273 0.252593 -0.000931933 0.999999 0.00107462 -0.252592 -0.00127517 0.967572 
0.62839 0.000744906 0.777898 -0.000719778 1 -0.000376148 -0.777898 -0.000323546 0.62839 
0.865871 0.000142521 0.500268 -0.000274475 1 0.000190176 -0.500268 -0.000301978 0.865871 
0.775982 6.26421e-05 0.630755 -0.000276028 1 0.000240268 -0.630755 -0.000360549 0.775982 
0.97081 0.000366764 -0.239848 -0.000286661 1 0.000368858 0.239848 -0.000289336 0.97081 
0.891611 0.00016401 0.452801 -0.000244019 1 0.000118286 -0.452801 -0.000215957 0.891611 
0.539471 0.00315214 0.841998 -0.00201119 0.999995 -0.00245504 -0.842002 -0.000368991 0.539475 
0.99426 -5.18988e-05 -0.106994 8.38442e-05 1 0.000294074 0.106994 -0.000301357 0.99426 
-0.833609 -0.000147777 0.552356 -0.000300597 1 -0.000186117 -0.552356 -0.000321185 -0.833608 
-0.927213 -0.000166732 0.374533 0.000655932 0.999998 0.00206903 -0.374533 0.0021641 -0.927211 
-0.725771 -6.94683e-05 0.687937 0.000779725 0.999999 0.000923588 -0.687936 0.00120671 -0.72577 
-0.380669 -6.71547e-05 0.924711 -0.000281246 1 -4.3156e-05 -0.924711 -0.000276499 -0.380669 
-0.628151 -5.8463e-05 0.778092 -0.000150713 1 -4.65335e-05 -0.778092 -0.000146498 -0.628151 
0.702346 0.000269499 0.711835 -0.000378969 1 -4.68075e-06 -0.711835 -0.000266476 0.702347 
0.522255 9.15513e-05 0.852789 -0.000212789 1 2.29586e-05 -0.852789 -0.000193454 0.522255 
0.350567 0.00212678 0.936535 -0.00139089 0.999998 -0.00175025 -0.936537 -0.000689039 0.350569 
-0.694502 -9.29143e-05 0.719491 -5.14222e-05 1 7.95028e-05 -0.719491 1.8217e-05 -0.694502 
0.151185 -0.00069997 0.988505 -0.000519605 1 0.000787579 -0.988505 -0.000632702 0.151184 
0.50749 1.98425e-06 0.861657 -6.31396e-05 1 3.48845e-05 -0.861657 -7.21082e-05 0.50749 
-0.962764 -0.000260127 -0.270344 -0.000250019 1 -7.18234e-05 0.270344 -1.55757e-06 -0.962764 
-0.785761 -9.18038e-05 0.61853 -0.00123909 0.999998 -0.00142568 -0.618529 -0.00188666 -0.78576 
0.926365 0.000466644 0.376628 -0.00122726 0.999998 0.00177961 -0.376626 -0.00211079 0.926363 
0.680812 0.000613558 0.732458 -0.000674815 1 -0.000210436 -0.732458 -0.000351006 0.680812 
-0.998908 -0.00026663 0.0467162 -0.000269569 1 -5.6611e-05 -0.0467162 -6.91424e-05 -0.998908 
0.689141 0.00187822 0.724625 -0.00153201 0.999998 -0.00113499 -0.724626 -0.000327969 0.689143 
-0.662346 -0.00015688 0.749198 -0.000304427 1 -5.97382e-05 -0.749198 -0.000267643 -0.662346 
0.975945 0.000662716 0.218015 -0.00206311 0.999979 0.00619581 -0.218006 -0.00649656 0.975926 
0.0121038 -0.00195576 0.999925 -0.00248832 0.999995 0.00198602 -0.999924 -0.00251218 0.0120989 
0.340156 -0.00019329 0.940369 -0.00016116 1 0.000263843 -0.940369 -0.000241298 0.340156 
0.723014 0.000475373 0.690833 -0.000556186 1 -0.000106022 -0.690833 -0.000307576 0.723014 
0.71719 0.000444134 0.696877 -0.000536647 1 -8.503e-05 -0.696877 -0.000312994 0.717191 
-0.97735 -0.000295457 -0.211631 -0.000219519 1 -0.000382318 0.211631 -0.000327201 -0.977349 
0.994586 0.00417828 0.103828 -0.00417751 0.999991 -0.000224845 -0.103828 -0.000210117 0.994595 
0.973883 -0.000116991 0.227049 4.97131e-05 1 0.000302034 -0.227049 -0.000282859 0.973883 
-0.999893 -0.000266741 0.0145978 -0.000273067 1 -0.000431386 -0.0145977 -0.000435326 -0.999893 
0.782704 0.000102611 0.622395 -0.000385124 1 0.000319454 -0.622394 -0.000489737 0.782704 
0.0372409 -0.000175853 0.999306 -0.000318197 1 0.000187833 -0.999306 -0.000324971 0.0372409 
-0.989915 -0.000292838 -0.141664 -0.000234077 1 -0.000431453 0.141664 -0.000393941 -0.989915 
0.693225 0.000537295 0.720721 -0.000618117 1 -0.00015096 -0.720721 -0.000340841 0.693225 
0.842742 0.000145074 0.538318 -0.00030082 1 0.00020144 -0.538318 -0.000331699 0.842742 
0.998391 -0.000100469 0.0567105 8.15679e-05 1 0.000335608 -0.0567105 -0.000330442 0.998391 
0.84516 0.000160481 0.534514 -0.000322292 1 0.000209362 -0.534513 -0.000349214 0.84516 
0.65797 0.000452681 0.753044 -0.000554044 1 -0.000117041 -0.753044 -0.000340211 0.65797 
-0.785352 -9.51154e-05 0.61905 -0.000287947 1 -0.000211654 -0.619049 -0.000344476 -0.785352 
0.50077 0.00202049 0.865578 -0.00139124 0.999998 -0.00152938 -0.865579 -0.000438355 0.500772 
-0.707132 -8.60504e-05 0.707082 -0.000212941 1 -9.12584e-05 -0.707082 -0.000215099 -0.707132 
-0.0460523 6.94804e-05 0.998939 -0.000317577 1 -8.41949e-05 -0.998939 -0.000321118 -0.0460523 
-0.440539 -0.000112743 0.897733 -0.000301658 1 -2.24449e-05 -0.897733 -0.000280696 -0.440539 
0.713351 0.000453459 0.700807 -0.000546405 1 -9.08676e-05 -0.700807 -0.000318104 0.713351 
-0.441277 -4.00766e-05 0.897371 0.000819196 1 0.000447495 -0.897371 0.000932592 -0.441277 
0.741977 0.000407076 0.670425 -0.00049933 1 -5.45685e-05 -0.670425 -0.000294275 0.741977 
0.620543 -0.00122562 0.784171 0.000508721 0.999999 0.00116037 -0.784172 -0.000321138 0.620543 
-0.825359 -0.000199951 0.564608 -0.000292383 1 -7.32722e-05 -0.564608 -0.000225557 -0.825359 
-0.737908 -0.000177822 0.674901 -0.000303451 1 -6.83015e-05 -0.674901 -0.0002552 -0.737908 
0.925902 -0.00316137 0.377749 0.00276295 0.999995 0.00159667 -0.377753 -0.000434656 0.925906 
-0.96094 -0.000236796 0.276757 -0.000281664 1 -0.000122368 -0.276757 -0.000195541 -0.96094 
-0.713736 -0.00018238 0.700415 -0.000303088 1 -4.84635e-05 -0.700415 -0.000246878 -0.713736 
0.42935 -1.00773e-05 0.903138 -0.000133835 1 7.47832e-05 -0.903138 -0.00015298 0.42935 
-0.772678 -0.000208051 0.634798 -0.000296309 1 -3.29248e-05 -0.634798 -0.000213537 -0.772678 
-0.362257 -6.52451e-05 0.932078 -0.000293175 1 -4.39443e-05 -0.932078 -0.000289181 -0.362257 
-0.424744 -0.000162563 0.905314 -0.000327179 1 2.60636e-05 -0.905314 -0.00028513 -0.424744 
-0.849876 -0.000225634 0.526983 -0.000286982 1 -3.4661e-05 -0.526983 -0.000180692 -0.849876 
0.6914 -4.98736e-05 0.722472 -0.000394678 1 0.000446735 -0.722472 -0.000594017 0.6914 
-0.661394 -9.41427e-05 0.750039 -0.000239199 1 -8.54117e-05 -0.750039 -0.000235899 -0.661394 
0.849952 0.00011697 0.52686 -0.000234694 1 0.000156604 -0.52686 -0.000256757 0.849952 
0.920233 0.000109497 0.39137 -0.000265257 1 0.000343924 -0.39137 -0.000420304 0.920233 
0.693016 0.000490259 0.720922 -0.000571295 1 -0.000130862 -0.720922 -0.000321169 0.693016 
0.995467 -0.000310849 0.0951094 0.000272152 1 0.000419838 -0.0951095 -0.00039205 0.995467 
0.92696 -2.31946e-06 0.37516 -0.000136036 1 0.000342306 -0.37516 -0.00036834 0.92696 
0.808846 8.5693e-05 0.58802 -0.000253557 1 0.000203046 -0.58802 -0.000313329 0.808846 
0.717512 1.96008e-05 0.696546 -0.00368644 0.999986 0.00376926 -0.696536 -0.00527226 0.717502 
-0.997348 -0.000265897 -0.0727838 -0.000270802 1 5.75358e-05 0.0727838 7.70933e-05 -0.997348 
-0.374254 -7.1319e-05 0.927326 -0.00027752 1 -3.50945e-05 -0.927326 -0.000270486 -0.374254 
0.300119 -0.000214198 0.953902 -0.000289923 1 0.000315765 -0.953902 -0.000371325 0.300118 
-0.989198 -0.000195519 0.146588 -0.000257729 1 -0.000405395 -0.146587 -0.000438796 -0.989198 
-0.520361 -7.37972e-05 0.853946 -0.000255389 1 -6.92047e-05 -0.853946 -0.0002541 -0.520361 
0.301139 3.40527e-06 0.95358 -0.000328426 1 0.000100145 -0.95358 -0.000343339 0.301139 
-0.990205 -0.000258612 -0.139618 -0.000253133 1 -5.70042e-05 0.139618 -2.11039e-05 -0.990205 
-0.982678 -0.000231418 0.185323 -0.000292802 1 -0.000303858 -0.185323 -0.000352858 -0.982678 
-0.763539 -0.000155684 0.645762 -0.000298689 1 -0.00011208 -0.645762 -0.000278459 -0.763539 
0.762333 0.000302361 0.647184 -0.000392365 1 -5.01998e-06 -0.647184 -0.000250105 0.762333 
0.632357 0.000815284 0.774677 -0.000800303 1 -0.000399143 -0.774677 -0.000367575 0.632357 
0.925999 0.000197659 0.377525 -0.000255609 1 0.000103398 -0.377525 -0.000192245 0.925999 
0.768531 0.000241936 0.639812 -0.00031576 1 1.14908e-06 -0.639812 -0.00020291 0.768531 
-0.829791 -0.000163293 0.558074 -0.000300308 1 -0.000153922 -0.558074 -0.000295317 -0.829791 
0.627451 0.000897003 0.778656 -0.000835857 1 -0.000478445 -0.778656 -0.000350644 0.627451 
-0.99909 -0.000268559 -0.04264 -0.00021279 0.999999 -0.00131243 0.0426403 -0.00130216 -0.99909 
0.711109 0.00053013 0.703082 -0.000615295 1 -0.000131689 -0.703081 -0.000338958 0.711109 
0.39854 4.84744e-06 0.917151 -0.000231056 1 9.51182e-05 -0.917151 -0.000249822 0.39854 
0.376788 -8.96729e-05 0.926299 -5.25179e-05 1 0.00011817 -0.926299 -9.31725e-05 0.376788 
0.220781 -4.13582e-05 0.975323 -0.000311481 1 0.000112914 -0.975323 -0.000328724 0.220781 
0.239867 -2.9999e-05 0.970806 -0.000301934 1 0.000105503 -0.970806 -0.000318426 0.239867 
0.703154 0.000538649 0.711038 -0.000606103 1 -0.000158171 -0.711038 -0.000319744 0.703154 
0.984137 -7.19014e-05 0.177408 2.44966e-05 1 0.000269398 -0.177408 -0.000260778 0.984137 
0.997884 -0.000542517 0.0650238 0.000525205 1 0.000283336 -0.0650239 -0.000248585 0.997884 
-0.993452 -0.000245618 0.114249 -0.00028445 1 -0.000323587 -0.114249 -0.000353967 -0.993452 
-0.973429 -0.000281371 -0.228989 -8.88611e-05 1 -0.000851006 0.228989 -0.000808046 -0.973429 
0.991233 -0.000434084 0.132126 0.00039714 1 0.000305962 -0.132126 -0.000250807 0.991233 
0.945062 -6.11e-05 0.326892 -6.42286e-05 1 0.0003726 -0.326892 -0.000373126 0.945062 
0.970142 -0.000214197 0.242537 0.000116442 1 0.000417387 -0.242538 -0.000376684 0.970142 
0.0971119 -5.52728e-05 0.995273 -0.000322503 1 8.70029e-05 -0.995273 -0.000329428 0.0971119 
0.999361 -0.000587626 0.0357359 0.000573594 1 0.000402901 -0.0357361 -0.000382145 0.999361 
0.799353 0.000205987 0.600862 -0.000367703 1 0.000146353 -0.600862 -0.000337926 0.799353 
0.905253 -8.06472e-05 0.424873 -8.32736e-05 1 0.000367241 -0.424873 -0.000367827 0.905253 
0.45405 0.00233421 0.890973 -0.00150698 0.999997 -0.00185186 -0.890975 -0.00050184 0.454052 
-0.974126 -0.000230097 0.226006 -0.000289649 1 -0.000230337 -0.226006 -0.000289839 -0.974126 
0.15657 -5.87525e-05 0.987667 -0.000313208 1 0.000109138 -0.987667 -0.000326433 0.15657 
-0.114033 6.00044e-05 0.993477 -0.000308157 1 -9.57691e-05 -0.993477 -0.000317067 -0.114033 
-0.959375 -0.000352833 -0.282134 0.000909367 0.99999 -0.00434282 0.282132 -0.00442295 -0.959365 
-0.95897 -0.000212012 0.283508 -0.00108714 0.999995 -0.00292947 -0.283506 -0.00311749 -0.958965 
-0.991686 -0.000254033 -0.12868 -0.000258256 1 1.61368e-05 0.12868 4.92351e-05 -0.991686 
0.369942 3.15411e-05 0.929055 -0.000301651 1 8.61653e-05 -0.929055 -0.000312126 0.369942 
0.024929 -0.000212665 0.999689 -0.000328172 1 0.000220915 -0.999689 -0.000333577 0.0249289 
0.736072 0.000303843 0.676904 -0.00032804 1 -9.21585e-05 -0.676904 -0.000154216 0.736072 
0.750139 0.000264816 0.66128 -0.000349956 1 -3.47919e-06 -0.66128 -0.000228809 0.750139 
-0.258745 -0.000144158 0.965946 -0.000274287 1 7.57678e-05 -0.965946 -0.000245342 -0.258745 
-0.323138 -7.44191e-05 0.946352 -0.000279072 1 -1.6653e-05 -0.946352 -0.000269482 -0.323138 
0.361749 -5.86248e-05 0.932275 -0.00017538 1 0.000130936 -0.932275 -0.000210869 0.361749 
-0.924216 -0.000215425 0.38187 -0.000286241 1 -0.000128638 -0.38187 -0.000228196 -0.924216 
0.082556 -0.000530909 0.996586 -0.000366471 1 0.000563085 -0.996586 -0.000411706 0.0825558 
-0.280633 -6.17738e-05 0.959815 -0.000284664 1 -1.88706e-05 -0.959815 -0.00027852 -0.280633 
-0.604647 -0.000162397 0.796494 -0.000309805 1 -3.12945e-05 -0.796494 -0.00026568 -0.604647 
0.701815 0.000235219 0.712359 -0.000303392 1 -3.12966e-05 -0.712359 -0.000194159 0.701815 
0.928191 0.00061029 0.372102 -0.000704704 1 0.000117737 -0.372102 -0.000371504 0.928192 
-0.885333 -0.000145272 0.464958 -0.00153137 0.999995 -0.00260347 -0.464955 -0.00301697 -0.885329 
0.905064 6.37644e-05 0.425274 -0.00019509 1 0.000265252 -0.425274 -0.000323037 0.905064 
0.0978919 -0.000778073 0.995197 -0.000424894 1 0.000823623 -0.995197 -0.000503479 0.0978915 
0.939343 0.000213644 0.342978 -0.000254557 1 7.42687e-05 -0.342978 -0.000157071 0.939343 
0.974561 -0.000317839 0.22412 0.000225003 1 0.000439763 -0.22412 -0.000378148 0.974561 
-0.998841 -0.000279496 0.0481288 -0.000332028 0.999999 -0.00108348 -0.0481285 -0.00109821 -0.998841 
-0.996435 -0.000314915 -0.0843589 -0.000243269 1 -0.000859572 0.0843591 -0.000835986 -0.996435 
0.944412 0.000227263 0.328764 -0.000259863 1 5.5223e-05 -0.328764 -0.000137587 0.944412 
0.721587 -7.42913e-06 0.692323 -0.000175362 1 0.000193505 -0.692323 -0.000261038 0.721587 
0.694107 -5.26513e-05 0.719872 -0.000102106 1 0.000171592 -0.719872 -0.000192607 0.694107 
-0.847102 -0.000136107 0.53143 -0.000313454 1 -0.000243532 -0.53143 -0.000372875 -0.847102 
-0.754709 -6.44197e-05 0.65606 -0.000236702 1 -0.000174102 -0.65606 -0.000286688 -0.754709 
-0.690031 -0.000117194 0.723779 -0.00028268 1 -0.000107579 -0.723779 -0.000278831 -0.690031 
-0.813994 -0.00011524 0.580874 -0.000308726 1 -0.000234236 -0.580873 -0.000369997 -0.813994 
0.867568 8.6678e-05 0.497319 -0.000202706 1 0.000179327 -0.497319 -0.000256388 0.867568 
0.202133 -0.000513071 0.979358 -0.00294378 0.999995 0.00113146 -0.979354 -0.00311171 0.202131 
0.509655 -0.000135975 0.860379 -1.25633e-05 1 0.000165482 -0.860379 -9.51481e-05 0.509655 
-0.343639 -8.03443e-05 0.939102 -0.00030136 1 -2.47204e-05 -0.939102 -0.000291503 -0.343639 
-0.0141127 0.000707161 0.9999 -0.000321418 1 -0.000711768 -0.9999 -0.00033143 -0.0141125 
0.766791 0.000373448 0.641897 -0.000485657 1 -1.63674e-06 -0.641897 -0.000310486 0.766791 
0.309668 -0.000228896 0.950845 -0.000439334 1 0.00038381 -0.950845 -0.000536592 0.309668 
0.735124 0.000457347 0.677933 -0.000550888 1 -7.72583e-05 -0.677933 -0.00031667 0.735124 
0.0695693 2.87429e-05 0.997577 -0.000352397 1 -4.23713e-06 -0.997577 -0.000351248 0.0695693 
0.636062 0.000160725 0.771638 0.00219402 0.999996 -0.00201682 -0.771635 0.00297581 0.636059 
-0.0758474 3.0273e-06 0.997119 -0.000318091 1 -2.72321e-05 -0.997119 -0.000319241 -0.0758474 
0.595204 0.00107056 0.803574 -0.000927398 0.999999 -0.000645324 -0.803574 -0.000361133 0.595204 
-0.482788 -3.6114e-05 0.875737 -0.00016946 1 -5.21836e-05 -0.875737 -0.000173596 -0.482788 
-0.560703 -7.44088e-05 0.828017 -0.000240424 1 -7.29425e-05 -0.828017 -0.000239974 -0.560703 
0.563727 0.00120045 0.82596 -0.00100172 0.999999 -0.000769712 -0.82596 -0.00039347 0.563728 
-0.859176 -0.000160003 0.511679 -0.000302511 1 -0.000195252 -0.511679 -0.000322545 -0.859176 
0.501664 0.00160187 0.865061 -0.00119321 0.999999 -0.00115978 -0.865062 -0.000450382 0.501665 
0.771774 0.000282031 0.635896 0.00213791 0.999993 -0.00303825 -0.635893 0.00370433 0.771768 
0.90491 0.000216813 0.425603 -0.000267115 1 5.85105e-05 -0.425603 -0.000166632 0.90491 
0.829295 0.00022893 0.558812 -0.000325105 1 7.27943e-05 -0.558812 -0.00024204 0.829295 
0.798483 0.000312478 0.602017 -0.00044273 1 6.81617e-05 -0.602017 -0.000320957 0.798483 
0.887801 6.37028e-05 0.460228 -0.000238019 1 0.000320734 -0.460228 -0.000394291 0.887801 
0.88073 0.000235691 0.47362 -0.00027781 1 1.89697e-05 -0.47362 -0.000148284 0.88073 
0.984369 -0.00025857 0.176116 0.000197494 1 0.000364321 -0.176116 -0.000323844 0.984369 
0.874793 0.000531269 0.484496 -0.000622131 1 2.67638e-05 -0.484496 -0.000324833 0.874794 
0.871316 0.000226068 0.490723 -0.000282951 1 4.17186e-05 -0.490723 -0.000175201 0.871316 
0.681675 0.000304749 0.731655 -0.000421737 1 -2.35923e-05 -0.731655 -0.000292483 0.681675 
-0.267265 -0.000182155 0.963623 -0.000275087 1 0.000112734 -0.963623 -0.00023495 -0.267265 
0.810856 0.000255049 0.585246 -0.000336741 1 3.07562e-05 -0.585246 -0.000222015 0.810856 
0.239976 0.000639977 0.970779 -0.000833491 1 -0.000453202 -0.970778 -0.000700378 0.239977 
0.966262 -0.000251397 0.257561 0.000159062 1 0.000379334 -0.257561 -0.000325568 0.966262 
0.153244 -9.33337e-05 0.988188 -0.000326173 1 0.000145031 -0.988188 -0.000344546 0.153244 
0.88298 0.00014028 0.469411 -0.000235285 1 0.000143737 -0.469411 -0.000237362 0.88298 
0.574867 0.000782055 0.818246 -0.000804044 1 -0.00039088 -0.818246 -0.000433202 0.574868 
0.807305 0.000233272 0.590134 -0.000292863 1 5.35121e-06 -0.590134 -0.000177148 0.807305 
0.725155 0.000403366 0.688586 -0.000504334 1 -5.46714e-05 -0.688586 -0.000307632 0.725155 
0.248786 0.000895357 0.968558 -0.00092416 0.999999 -0.00068704 -0.968558 -0.000724177 0.248787 
0.985723 -0.000466501 0.168374 0.000402279 1 0.000415531 -0.168374 -0.000341865 0.985723 
0.749286 -0.000610521 0.662247 0.00025009 1 0.000638934 -0.662247 -0.000313123 0.749286 
0.389924 -8.56446e-05 0.920847 -0.00280403 0.999995 0.00128035 -0.920843 -0.00308132 0.389922 
0.772731 0.00030746 0.634734 -0.00039859 1 8.54556e-07 -0.634734 -0.000253659 0.772731 
0.874477 0.000454927 0.485067 -0.000366689 1 -0.000276798 -0.485067 6.41848e-05 0.874477 
0.538475 0.00016944 0.842642 -0.00036281 1 3.07652e-05 -0.842642 -0.000322285 0.538475 
0.686049 0.000614068 0.727555 -0.000685234 1 -0.000197873 -0.727555 -0.000362795 0.686049 
0.591806 0.00017156 0.806081 -0.000210158 1 -5.85392e-05 -0.806081 -0.000134761 0.591806 
0.708759 0.00024176 0.705451 -0.00254643 0.999994 0.00221567 -0.705446 -0.00336676 0.708756 
0.742183 0.000227941 0.670198 -0.000308482 1 1.50648e-06 -0.670198 -0.000207862 0.742183 
0.499453 0.000108514 0.866341 -0.000339567 1 7.0508e-05 -0.866341 -0.000329397 0.499453 
0.716599 0.000539048 0.697486 -0.000621883 1 -0.000133921 -0.697485 -0.000337787 0.716599 
-0.122128 -3.09997e-05 0.992514 -0.000300419 1 -5.73276e-06 -0.992514 -0.000298871 -0.122128 
-0.961288 -0.000218082 0.275545 -0.000292144 1 -0.000227741 -0.275545 -0.000299424 -0.961288 
0.979483 -0.00408685 0.201483 0.00393841 0.999992 0.00113762 -0.201486 -0.000320754 0.979491 
-0.999998 -0.000262581 -0.00221261 -0.000262573 1 -3.55637e-06 0.00221261 -2.97539e-06 -0.999998 
-0.315008 -0.000108969 0.949089 -0.000250903 1 3.15385e-05 -0.949089 -0.000228194 -0.315008 
0.768827 0.000508299 0.639456 -0.000592839 1 -8.21138e-05 -0.639456 -0.000315964 0.768828 
0.365686 -0.000152656 0.930738 -0.00168347 0.999998 0.00082545 -0.930737 -0.00186873 0.365685 
0.758776 0.000154284 0.651351 -0.000736646 1 0.00062127 -0.651351 -0.00095122 0.758776 
0.64536 0.000247749 0.763879 -0.000385348 1 1.22951e-06 -0.763878 -0.000295152 0.64536 
0.802896 0.000583463 0.596119 -0.000652684 1 -9.96876e-05 -0.596119 -0.000309039 0.802896 
0.747555 0.000413815 0.6642 -0.00051083 1 -4.809e-05 -0.6642 -0.000303343 0.747555 
0.797715 -4.42668e-05 0.603035 -0.000167553 1 0.000295052 -0.603035 -0.000336408 0.797715 
0.952056 0.000243531 0.305923 -0.000265695 1 3.08104e-05 -0.305923 -0.000110615 0.952056 
0.926755 0.000560488 0.375665 -0.000720196 1 0.000284715 -0.375665 -0.000534414 0.926755 
0.893864 0.000174945 0.448338 -0.000258732 1 0.000125633 -0.448337 -0.000228298 0.893864 
0.788168 1.85724e-05 0.61546 -0.000155937 1 0.000169519 -0.61546 -0.000229583 0.788168 
0.471928 -0.000110416 0.881637 0.00325112 0.999993 -0.00161504 -0.881631 0.00362849 0.471925 
0.798289 0.000856567 0.602274 -0.000892708 1 -0.000238974 -0.602274 -0.000346884 0.79829 
-0.719996 -8.01783e-05 0.693978 -0.000165387 1 -5.60531e-05 -0.693978 -0.000155133 -0.719996 
-0.595601 -5.88233e-05 0.80328 0.000417294 1 0.000382636 -0.80328 0.000563103 -0.595601 
0.837862 -1.28631e-05 0.545883 -0.000189819 1 0.000314912 -0.545883 -0.000367472 0.837862 
0.616516 0.000169103 0.787342 -0.000280013 1 4.48252e-06 -0.787342 -0.000223229 0.616517 
0.780205 0.000357871 0.625524 -0.000500223 1 5.18055e-05 -0.625524 -0.000353321 0.780205 
0.328505 0.00209043 0.9445 -0.00139763 0.999998 -0.00172715 -0.944501 -0.000752688 0.328507 
0.707646 0.000355823 0.706567 -0.000466717 1 -3.61649e-05 -0.706567 -0.000304175 0.707646 
0.548032 0.000722782 0.836457 -0.000782963 1 -0.000351116 -0.836457 -0.000462492 0.548032 
0.796169 0.000304702 0.605074 -0.00074553 1 0.000477406 -0.605074 -0.000831197 0.796169 
0.864917 0.000148162 0.501915 -0.000329511 1 0.000272631 -0.501915 -0.00040119 0.864917 
0.857169 0.000471202 0.515034 -0.000536652 1 -2.17453e-05 -0.515034 -0.000257755 0.85717 
0.703178 0.00053306 0.711014 -0.0006153 1 -0.000141199 -0.711014 -0.000338199 0.703178 
-0.1327 -0.000542079 0.991156 -8.12845e-05 1 0.000536033 -0.991156 -9.43402e-06 -0.1327 
0.835735 0.0001414 0.549133 -0.000312782 1 0.000218531 -0.549133 -0.000354393 0.835735 
-0.176362 -0.000433075 0.984325 -0.00219716 0.999998 4.63045e-05 -0.984323 -0.00215456 -0.176362 
-0.997894 -0.000262517 0.0648668 -0.000265588 1 -3.87178e-05 -0.0648668 -5.5864e-05 -0.997894 
-0.972307 -0.000241024 -0.233706 -0.000264083 1 6.73732e-05 0.233706 0.000127225 -0.972307 
-0.998448 -0.000262918 0.0556922 -0.000266263 1 -5.26472e-05 -0.0556921 -6.73942e-05 -0.998448 
0.861821 0.00019193 0.507212 -0.00036546 1 0.000242565 -0.507212 -0.000394413 0.861821 
-0.95392 -0.000199861 0.300062 -0.000314704 1 -0.000334403 -0.300062 -0.000413425 -0.953919 
-0.971251 -0.000248452 0.238057 -0.000336454 1 -0.000329034 -0.238057 -0.00039967 -0.971251 
0.566409 0.000130724 0.824124 -0.000264217 1 2.29709e-05 -0.824124 -0.000230759 0.566409 
-0.923386 -0.000255165 -0.383874 -0.000271569 1 -1.14669e-05 0.383874 9.366e-05 -0.923386 
0.469411 7.39326e-05 0.88298 -0.000287434 1 6.90752e-05 -0.88298 -0.000286223 0.469411 
0.182902 -0.000506403 0.983131 -0.000455493 1 0.000599832 -0.983131 -0.00055752 0.182902 
0.24659 -0.00033806 0.96912 -0.000466791 1 0.000467606 -0.96912 -0.000567683 0.24659 
-0.999996 -0.000269159 -0.00297245 -0.000269097 1 -2.10192e-05 0.00297246 -2.02193e-05 -0.999996 
0.887542 6.59968e-05 0.460726 -0.000186061 1 0.000215183 -0.460726 -0.000276707 0.887542 
0.889968 0.000179117 0.456022 -0.000251423 1 9.78929e-05 -0.456022 -0.000201776 0.889968 
0.968498 -1.39329e-05 0.249021 -5.04443e-05 1 0.000252139 -0.249021 -0.000256758 0.968498 
0.540227 -0.000115935 0.84152 5.72314e-05 1 0.000101028 -0.84152 -6.41659e-06 0.540227 
0.682236 0.000325347 0.731132 -0.00044518 1 -2.95835e-05 -0.731132 -0.000305302 0.682236 
-0.226096 -6.12294e-05 0.974105 -0.000318444 1 -1.1056e-05 -0.974105 -0.000312698 -0.226096 
0.791953 0.000478541 0.610582 -0.000572123 1 -4.16751e-05 -0.610582 -0.000316323 0.791953 
-0.224861 -3.51146e-05 0.974391 -0.000304001 1 -3.4117e-05 -0.974391 -0.000303887 -0.224861 
0.776925 0.000279453 0.629593 -0.000358532 1 -1.42981e-06 -0.629593 -0.000224619 0.776925 
-0.938896 -0.000192669 0.344201 -0.000307288 1 -0.000278449 -0.344201 -0.000367203 -0.938896 
-0.97839 -0.000244847 0.20677 -0.000279999 1 -0.000140743 -0.20677 -0.000195596 -0.97839 
0.823776 0.000153235 0.566916 -0.000389793 1 0.000296105 -0.566916 -0.000464904 0.823776 
-0.930162 -0.000241691 0.367148 -0.000277347 1 -4.4362e-05 -0.367148 -0.000143092 -0.930162 
-0.532263 -0.000170986 0.846579 -0.000319761 1 9.31992e-07 -0.846579 -0.000270207 -0.532263 
0.834231 0.000230433 0.551415 -0.000313986 1 5.7134e-05 -0.551415 -0.0002208 0.834231 
0.720684 0.000385585 0.693264 -0.000483596 1 -5.34656e-05 -0.693264 -0.000296728 0.720684 
0.619416 0.00020736 0.785063 -0.000353241 1 1.4576e-05 -0.785063 -0.000286345 0.619416 
0.888295 0.00216154 0.459268 -0.00209236 0.999998 -0.000659528 -0.459268 -0.000375098 0.888298 
0.556802 0.00010264 0.830645 -0.00282263 0.999994 0.00176851 -0.830641 -0.00332931 0.556799 
0.7402 0.000417193 0.672386 -0.000526769 1 -4.05695e-05 -0.672386 -0.000324163 0.7402 
0.183738 -0.000198508 0.982975 -0.000328214 1 0.000263296 -0.982975 -0.000371004 0.183738 
-0.99956 -0.000267526 0.0296565 -0.000268708 1 -3.58779e-05 -0.0296565 -4.38311e-05 -0.99956 
0.702046 0.000254194 0.712131 -0.000362227 1 1.48399e-07 -0.712131 -0.000258057 0.702046 
0.906795 4.88693e-05 0.421573 -0.000205639 1 0.000326404 -0.421573 -0.000382673 0.906794 
0.998907 -0.000876455 -0.0467371 0.00090045 0.999999 0.000492361 0.0467367 -0.000533907 0.998907 
0.99396 -0.000181674 -0.10974 0.000225727 1 0.000389003 0.10974 -0.000411425 0.99396 
-0.995868 -0.000243985 0.0908123 -0.000589704 0.999993 -0.00378015 -0.0908108 -0.00381808 -0.995861 
-0.876846 -0.000136421 0.480772 -0.000397838 1 -0.000441834 -0.480772 -0.00057869 -0.876845 
-0.999552 -0.000268846 -0.0299332 -0.000266411 1 -8.53574e-05 0.0299332 -7.73446e-05 -0.999552 
-0.913869 -0.000230317 -0.406009 -0.000173017 1 -0.000177833 0.406009 -9.22695e-05 -0.913869 
0.344741 -5.05337e-05 0.938698 -0.000221844 1 0.000135307 -0.938698 -0.00025489 0.344741 
0.376146 -0.000162764 0.92656 3.62988e-05 1 0.000160929 -0.92656 -2.68998e-05 0.376146 
-0.927169 -0.00027893 -0.374642 -0.00178307 0.999992 0.00366825 0.374638 0.00406911 -0.927162 
0.583114 -8.92864e-05 0.812391 4.43568e-05 1 7.80675e-05 -0.812391 -9.48717e-06 0.583114 
0.614641 -8.39715e-05 0.788807 -3.70081e-05 1 0.000135291 -0.788807 -0.000112347 0.614641 
0.867759 0.000134024 0.496985 -0.000242977 1 0.000154574 -0.496985 -0.000254889 0.867759 
0.542281 9.4201e-05 0.840197 -0.000156589 1 -1.10521e-05 -0.840197 -0.000125572 0.542281 
0.213368 -6.7156e-05 0.976972 -0.000305383 1 0.000135434 -0.976972 -0.000327248 0.213368 
0.800415 0.000145017 0.599446 -0.000543143 1 0.000483317 -0.599446 -0.000712439 0.800415 
0.37805 2.26496e-05 0.925785 -0.00028347 1 9.12912e-05 -0.925785 -0.000296945 0.37805 
-0.983459 -0.000267307 0.181131 -0.0002644 1 4.01917e-05 -0.181131 -8.36427e-06 -0.983459 
-0.879771 -0.000201324 0.475398 -0.000290827 1 -0.000114719 -0.475398 -0.000239185 -0.879771 
-0.305969 -5.34795e-05 0.952041 -0.000294262 1 -3.83969e-05 -0.952041 -0.000291898 -0.305969 
0.68405 0.000243661 0.729435 -0.000366265 1 9.43571e-06 -0.729435 -0.000273621 0.68405 
-0.944048 -0.000269047 -0.329809 -0.000242824 1 -0.000120706 0.329809 -3.38663e-05 -0.944048 
0.979535 0.00073131 0.201274 -0.00131778 0.999995 0.00277979 -0.201271 -0.00298813 0.979531 
0.655573 -4.57767e-05 0.755132 -0.000171087 1 0.000209151 -0.755132 -0.000266307 0.655573 
0.848348 9.89282e-05 0.529439 -0.000216071 1 0.000159367 -0.529439 -0.000249595 0.848348 
0.92454 0.000659872 0.381085 -0.000699872 1 -3.36222e-05 -0.381085 -0.000235626 0.92454 
-0.960003 -0.000229483 -0.279989 -0.000262025 1 7.87965e-05 0.279989 0.000149009 -0.960003 
0.935675 0.000205027 0.352864 -0.000257714 1 0.000102331 -0.352864 -0.000186687 0.935675 
0.999624 -2.49209e-05 0.0274366 1.97115e-05 1 0.000190143 -0.0274366 -0.000189531 0.999624 
0.975126 0.000707116 0.221651 -0.000772223 1 0.00020708 -0.221651 -0.000373094 0.975126 
-0.0170587 0.000221544 0.999854 -0.00077027 1 -0.000234718 -0.999854 -0.000774162 -0.0170585 
0.702265 0.000374592 0.711916 -0.00048007 1 -5.26128e-05 -0.711916 -0.000304821 0.702265 
0.149922 -0.000418253 0.988698 -0.000373033 1 0.0004796 -0.988698 -0.00044072 0.149922 
0.742926 0.000395439 0.669373 -0.000493324 1 -4.32273e-05 -0.669373 -0.000298103 0.742926 
-0.982525 -0.000220627 0.186131 0.000156949 0.999998 0.00201381 -0.186131 0.00200783 -0.982523 
0.902919 0.000208568 0.429811 -0.000271513 1 8.51221e-05 -0.429811 -0.000193558 0.902919 
-0.981257 -0.000311857 -0.192702 -0.000991979 0.999994 0.00343294 0.192699 0.00355975 -0.981251 
-0.961243 -0.000227971 0.275703 -0.000279984 1 -0.000149297 -0.275703 -0.000220703 -0.961243 
0.605998 0.000794729 0.795466 -0.000799043 1 -0.00039035 -0.795466 -0.00039906 0.605998 
0.577367 0.000207827 0.816485 -0.000381798 1 1.54445e-05 -0.816485 -0.000320649 0.577367 
0.488664 0.000130034 0.872472 -0.000353538 1 4.89724e-05 -0.872472 -0.000332383 0.488664 
0.543188 0.00149248 0.83961 -0.00112457 0.999999 -0.00105004 -0.83961 -0.000373826 0.543189 
0.939648 0.000364104 0.342142 -0.00049939 1 0.000307322 -0.342142 -0.000459637 0.939648 
0.570594 0.000191401 0.821232 -0.000364286 1 2.00408e-05 -0.821232 -0.000310599 0.570594 
0.830162 0.00023233 0.557522 -0.000358593 1 0.000117233 -0.557522 -0.000297246 0.830162 
0.531359 0.000142972 0.847147 -0.000331841 1 3.93729e-05 -0.847146 -0.000302039 0.531359 
0.920207 2.36102e-05 0.391433 -0.000156076 1 0.000306596 -0.391433 -0.000343225 0.920207 
0.485693 0.000114484 0.874129 -0.000329166 1 5.19255e-05 -0.874129 -0.000312953 0.485693 
-0.870005 -0.000183376 0.493043 -0.000297092 1 -0.000152311 -0.493043 -0.00027899 -0.870005 
-0.715744 -0.000131656 0.698363 -0.000290734 1 -0.000109448 -0.698363 -0.000281375 -0.715744 
-0.832346 -9.72977e-05 0.554257 -0.000343627 1 -0.000340489 -0.554257 -0.000473862 -0.832346 
0.785982 0.000247871 0.618249 -0.000320797 1 6.90659e-06 -0.618249 -0.000203761 0.785982 
0.76606 0.000239119 0.642768 -0.000321619 1 1.12956e-05 -0.642768 -0.00021538 0.766061 
0.770341 0.000361799 0.637632 -0.000492675 1 2.78046e-05 -0.637632 -0.000335564 0.770341 
-0.99316 -0.00027848 -0.116765 -0.000250951 1 -0.000250471 0.116765 -0.000219455 -0.99316 
0.755242 0.000360781 0.655446 -0.000457699 1 -2.3049e-05 -0.655446 -0.00028259 0.755242 
0.763179 0.000293706 0.646186 -0.000544103 1 0.000188092 -0.646186 -0.000495139 0.76318 
0.95341 0.000474849 0.301676 9.07089e-06 0.999999 -0.0016027 -0.301677 0.00153077 0.953409 
0.843752 -0.00158911 0.536732 0.00113169 0.999999 0.00118168 -0.536733 -0.000389635 0.843752 
0.656232 0.000292981 0.754559 -0.000429989 1 -1.43245e-05 -0.754559 -0.000315052 0.656232 
0.900074 0.000422742 0.435736 -0.000222797 1 -0.000509961 -0.435736 0.000361922 0.900074 
0.822 0.000241727 0.569488 -0.000388991 1 0.000137006 -0.569488 -0.000334145 0.822 
0.826683 0.000417049 0.562668 -0.00273753 0.999991 0.00328084 -0.562662 -0.00425254 0.826676 
0.626167 0.000162871 0.779689 -0.000232662 1 -2.20423e-05 -0.779689 -0.000167602 0.626167 
-0.117061 -0.000399805 0.993125 -0.000278579 1 0.000369736 -0.993125 -0.000233382 -0.117061 
0.263426 -0.00010087 0.96468 -0.000274939 1 0.000179641 -0.96468 -0.00031255 0.263426 
-0.733012 -0.000109901 0.680216 -0.000277334 1 -0.000137292 -0.680215 -0.000289284 -0.733012 
-0.754901 -0.000128373 0.655839 -0.000289678 1 -0.000137694 -0.655839 -0.000293927 -0.754901 
0.795495 0.000244339 0.60596 -0.000309379 1 2.92161e-06 -0.60596 -0.000189795 0.795495 
0.736931 0.000273915 0.675968 -0.000369585 1 -2.30267e-06 -0.675968 -0.00024813 0.736931 
0.747032 0.000346583 0.664788 -0.000444294 1 -2.20842e-05 -0.664788 -0.000278864 0.747032 
0.812596 0.000253251 0.582828 -0.000344406 1 4.56603e-05 -0.582828 -0.000237833 0.812596 
0.773361 5.67297e-05 0.633966 -0.000258259 1 0.000225561 -0.633966 -0.000338167 0.773361 
0.886404 3.98571e-05 0.462912 -0.000215236 1 0.000326042 -0.462912 -0.000388641 0.886404 
